> roundOnly(bias1)
[1] "0.847, 1.275, 0.165, 0.908, -0.558, 1.07, 0.716, -0.923, 0.035, -0.088, -1.088"
> roundOnly(bias1)
[1] "0.847, 1.275, 0.165, 0.908, -0.558, 1.07, 0.716, -0.923, 0.035, -0.088, -1.088"
> roundOnly(bias2)
[1] "-0.968, -1.825, -0.566, 1.882, 0.127"
> roundOnly(t(weights1))
[1] "0.093, -0.603, -0.404, -0.076, -0.661, -0.579, -0.228, -0.359, 0.868, 0.008, 0.154, -0.19, -0.216, 0.723, 0.275, 0.416, 0.1, 0.377, -0.249, -0.208, -0.479, -0.129, -0.487, -0.571, 0.414, 0.372, 0.995, -0.13, 0.287, 0.24, -0.803, -0.494, -0.138, -0.438, -0.404, -0.059, 0.131, 0.773, -0.216, 0.101, 0.228, -0.705, 0.016, -0.152, 0.421, -0.677, -0.17, 0.118, -0.991, -0.225, -0.046, -0.218, 1.467, -0.133, 0.124, -0.67, -0.411, 0.261, 0.017, 1.12, -0.409, 0.195, -0.053, -1.124, -0.163, -0.224"
> roundOnly(t(weights2))
[1] "1.931, 0.713, -0.299, -1.034, 1.281, 0.187, -0.059, 0.659, -0.617, -0.32, -0.577, 0.598, -0.826, 0.41, -0.99, 0.478, -0.077, -0.373, -0.445, -0.035, 1.757, 1.551, 0.84, -1.324, 0.229, -0.068, 0, -0.13, 0.681, 0.404, -1.111, -0.927, 0.923, -0.407, 0.486, -1.22, -0.34, -0.09, 0.366, -1.069, 0.489, 0.783, 0.829, -0.665, -0.527, -0.347, 0.798, -0.643, 0.068, -0.557, -0.621, 1.923, 0.125, -0.439, -0.373"
> 